       0          72.64160016          23.16879686        -160.48438434        -137.31558748
     100          65.43323663          20.86971328        -158.26635748        -137.39664420
     200          59.79291673          19.07075200        -156.47936252        -137.40861052
     300          57.64514280          18.38572665        -155.78652892        -137.40080228
     400          60.30123889          19.23287966        -156.54009116        -137.30721150
     500          61.72762728          19.68782150        -157.10161687        -137.41379537
     600          57.14347223          18.22572049        -155.66135485        -137.43563437
     700          59.33906643          18.92599796        -156.26728969        -137.34129173
     800          59.75647587          19.05912931        -156.36554426        -137.30641495
     900          54.35607344          17.33668891        -154.79957079        -137.46288188
    1000          58.38087656          18.62038648        -155.96230669        -137.34192021
    1100          59.80933564          19.07598876        -156.35932099        -137.28333224
    1200          59.35800355          18.93203789        -156.26587665        -137.33383876
    1300          62.28306286          19.86497583        -157.10909906        -137.24412324
    1400          56.93168792          18.15817258        -155.44501733        -137.28684474
    1500          58.26383349          18.58305599        -155.91700555        -137.33394956
    1600          57.40448498          18.30896964        -155.68941538        -137.38044574
    1700          62.93329516          20.07236526        -157.42260553        -137.35024027
    1800          53.45890134          17.05053885        -154.52525666        -137.47471781
    1900          59.48052540          18.97111582        -156.30527788        -137.33416206
    2000          62.75114394          20.01426874        -157.30132634        -137.28705761
    2100          57.86465886          18.45574056        -155.66814504        -137.21240447
    2200          60.48709290          19.29215718        -156.59447068        -137.30231349
    2300          53.81193894          17.16313902        -154.43944722        -137.27630821
    2400          59.52572193          18.98553111        -156.33952786        -137.35399675
    2500          58.92686578          18.79452793        -156.03041538        -137.23588745
    2600          61.65941062          19.66606402        -156.94491185        -137.27884783
    2700          58.81987819          18.76040459        -156.07031130        -137.30990671
    2800          53.15475458          16.95353225        -154.26693037        -137.31339812
    2900          54.95193294          17.52673632        -154.82877246        -137.30203614
    3000          55.99963596          17.86089771        -155.23428964        -137.37339193
    3100          56.97370003          18.17157221        -155.46229993        -137.29072773
    3200          54.82660707          17.48676404        -154.82425917        -137.33749513
    3300          58.17829292          18.55577310        -155.99088413        -137.43511103
    3400          57.28774692          18.27173642        -155.64133310        -137.36959668
    3500          55.43540353          17.68093765        -155.09610733        -137.41516968
    3600          55.08701190          17.56981930        -155.00138381        -137.43156451
    3700          56.84786494          18.13143752        -155.56336183        -137.43192430
    3800          51.62420460          16.46536843        -153.98193347        -137.51656504
    3900          52.18935948          16.64562270        -154.10758945        -137.46196676
    4000          52.04611010          16.59993378        -153.99290219        -137.39296841
    4100          56.74458591          18.09849702        -155.56933402        -137.47083700
    4200          51.99380829          16.58325229        -154.04132452        -137.45807223
    4300          51.52354995          16.43326496        -153.89557862        -137.46231366
    4400          53.07280718          16.92739540        -154.36685126        -137.43945586
    4500          55.30050587          17.63791249        -155.00699484        -137.36908235
    4600          50.50377133          16.10800996        -153.47291186        -137.36490191
    4700          54.77742758          17.47107841        -154.81243418        -137.34135577
    4800          51.50916349          16.42867645        -153.87977906        -137.45110261
    4900          44.28869216          14.12573112        -151.47330490        -137.34757378
    5000          52.34204514          16.69432128        -154.09531223        -137.40099095
    5100          51.92813520          16.56230608        -153.92005242        -137.35774634
    5200          49.73456135          15.86267299        -153.22004340        -137.35737041
    5300          52.47496081          16.73671429        -154.14142865        -137.40471436
    5400          53.96121896          17.21075139        -154.58837054        -137.37761916
    5500          49.63102459          15.82965029        -153.16708467        -137.33743439
    5600          50.50449269          16.10824003        -153.42385315        -137.31561311
    5700          50.48606873          16.10236377        -153.54655898        -137.44419521
    5800          53.44578439          17.04635524        -154.47443091        -137.42807567
    5900          52.99951129          16.90401792        -154.37963453        -137.47561660
    6000          50.20758451          16.01354216        -153.45347578        -137.43993362
    6100          51.78654683          16.51714694        -153.90222175        -137.38507481
    6200          50.66548682          16.15958858        -153.52861518        -137.36902660
    6300          49.11009029          15.66350003        -153.04893105        -137.38543103
    6400          46.94262620          14.97219456        -152.36947082        -137.39727627
    6500          51.20663141          16.33218485        -153.83063937        -137.49845452
    6600          56.81582727          18.12121921        -155.45616805        -137.33494883
    6700          57.85471963          18.45257048        -155.84226637        -137.38969589
    6800          56.00487992          17.86257025        -155.19347941        -137.33090916
    6900          52.92194971          16.87927991        -154.31125745        -137.43197754
    7000          48.62286890          15.50810238        -152.95918719        -137.45108481
    7100          49.87199716          15.90650769        -153.24454061        -137.33803293
    7200          53.85701381          17.17751550        -154.51926123        -137.34174573
    7300          50.94728152          16.24946606        -153.50561555        -137.25614949
    7400          54.35761612          17.33718094        -154.61329030        -137.27610936
    7500          54.05181092          17.23964539        -154.61308545        -137.37344006
    7600          48.55063414          15.48506335        -152.82315806        -137.33809471
    7700          50.39418670          16.07305831        -153.32828761        -137.25522931
    7800          51.91735491          16.55886774        -153.84979707        -137.29092933
    7900          55.86638303          17.81839713        -155.19554480        -137.37714767
    8000          54.00896781          17.22598072        -154.61522860        -137.38924788
    8100          54.89137426          17.50742132        -154.96328690        -137.45586558
    8200          50.60173584          16.13925541        -153.57914390        -137.43988849
    8300          53.39467596          17.03005438        -154.44218415        -137.41212977
    8400          50.96437334          16.25491744        -153.63255656        -137.37763913
    8500          52.72550837          16.81662560        -154.20907298        -137.39244738
    8600          51.72080223          16.49617792        -153.92796801        -137.43179009
    8700          47.04185604          15.00384359        -152.31038876        -137.30654517
    8800          53.36012784          17.01903537        -154.38863918        -137.36960381
    8900          52.69734635          16.80764342        -154.26346344        -137.45582002
    9000          50.53782491          16.11887123        -153.51916775        -137.40029652
    9100          49.76698453          15.87301426        -153.28986393        -137.41684967
    9200          49.16942290          15.68242396        -153.15724673        -137.47482276
    9300          50.35959234          16.06202455        -153.43106876        -137.36904421
    9400          52.31456193          16.68555560        -154.10206509        -137.41650949
    9500          52.76269545          16.82848630        -154.14308851        -137.31460221
    9600          52.86403670          16.86080875        -154.28548098        -137.42467223
    9700          50.04709850          15.96235568        -153.32386124        -137.36150556
    9800          51.28265117          16.35643110        -153.71768056        -137.36124947
    9900          48.16301061          15.36143211        -152.76553337        -137.40410126
   10000          55.71680582          17.77068998        -155.21796132        -137.44727134
